0,0,0,0,1,1,2,0,3,0,4,0
1,1,0,0,4,3,5,1,6,0,7,0
1,0,1,0,2,8,6,0,9,1,10,0
1,0,0,1,11,2,7,0,10,0,12,1
2,2,0,0,12,9,13,2,14,0,15,0
2,1,1,0,7,16,14,3,17,2,18,0
2,1,0,1,19,6,15,4,18,0,20,2
1,0,0,0,3,21,22,0,16,0,23,0
2,0,2,0,5,24,17,0,25,3,26,0
2,0,1,1,27,22,18,0,26,4,28,3
1,0,0,0,29,4,27,0,30,0,19,0
2,0,0,2,31,5,20,0,28,0,32,4
3,3,0,0,32,25,33,5,34,0,35,0
3,2,1,0,20,36,34,6,37,5,38,0
3,2,0,1,39,17,35,7,38,0,40,5
2,0,1,0,6,41,42,0,36,8,43,0
3,1,2,0,15,44,37,9,45,6,46,0
3,1,1,1,47,42,38,10,46,7,48,6
2,0,0,1,49,7,47,0,50,0,39,11
3,1,0,2,51,14,40,12,48,0,52,7
1,0,0,0,8,53,54,0,55,0,56,0
2,1,0,0,10,55,57,8,42,0,58,0
2,0,0,1,30,54,58,0,43,0,59,8
2,0,0,0,9,60,61,0,44,0,62,0
3,0,3,0,13,63,45,0,64,9,65,0
3,0,2,1,66,61,46,0,65,10,67,9
2,1,0,0,68,10,66,11,69,0,47,0
3,0,1,2,70,57,48,0,67,12,71,10
1,0,0,0,72,11,73,0,74,0,68,0
2,0,1,0,73,23,69,0,75,11,50,0
2,0,0,0,76,12,70,0,77,0,51,0
3,0,0,3,78,13,52,0,71,0,79,12
4,4,0,0,79,64,80,13,81,0,82,0
4,3,1,0,52,83,81,14,84,13,85,0
4,3,0,1,86,45,82,15,85,0,87,13
3,0,2,0,14,88,89,0,83,16,90,0
4,2,2,0,40,91,84,17,92,14,93,0
4,2,1,1,94,89,85,18,93,15,95,14
3,0,0,2,96,15,94,0,97,0,86,19
4,2,0,2,98,37,87,20,95,0,99,15
2,0,0,0,16,100,101,0,102,0,103,0
3,1,1,0,18,102,104,16,89,22,105,0
3,0,1,1,69,101,105,0,90,23,106,16
3,0,1,0,17,107,108,0,91,24,109,0
4,1,3,0,35,110,92,25,111,17,112,0
4,1,2,1,113,108,93,26,112,18,114,17
3,1,0,1,115,18,113,19,116,0,94,27
4,1,1,2,117,104,95,28,114,20,118,18
2,0,0,0,119,19,120,0,121,0,115,0
3,0,1,1,120,58,116,0,122,19,97,30
3,0,0,1,123,20,117,0,124,0,98,31
4,1,0,3,125,34,99,32,118,0,126,20
1,0,0,0,21,127,128,0,129,0,130,0
2,1,0,0,23,129,131,21,132,0,133,0
2,0,1,0,22,134,132,0,135,21,136,0
2,0,0,1,137,128,133,0,136,0,138,21
3,2,0,0,28,135,139,22,104,0,140,0
3,1,0,1,50,132,140,23,105,0,141,22
3,0,0,2,77,131,141,0,106,0,142,23
2,0,0,0,24,143,144,0,145,0,146,0
3,1,0,0,26,145,147,24,108,0,148,0
3,0,0,1,75,144,148,0,109,0,149,24
3,0,0,0,25,150,151,0,110,0,152,0
4,0,4,0,33,153,111,0,154,25,155,0
4,0,3,1,156,151,112,0,155,26,157,25
3,2,0,0,158,26,156,27,159,0,113,0
4,0,2,2,160,147,114,0,157,28,161,26
2,0,0,1,162,27,163,0,164,0,158,29
3,1,1,0,163,43,159,30,165,27,116,0
3,1,0,0,166,28,160,31,167,0,117,0
4,0,1,3,168,139,118,0,161,32,169,28
1,0,0,0,170,29,171,0,172,0,173,0
2,1,0,0,173,30,174,29,175,0,163,0
2,0,1,0,171,137,175,0,176,29,164,0
3,0,2,0,174,62,165,0,177,30,122,0
2,0,0,0,178,31,179,0,180,0,166,0
3,0,1,0,179,59,167,0,181,31,124,0
3,0,0,0,182,32,168,0,183,0,125,0
4,0,0,4,184,33,126,0,169,0,185,32
5,5,0,0,185,154,186,33,187,0,188,0
5,4,1,0,126,189,187,34,190,33,191,0
5,4,0,1,192,111,188,35,191,0,193,33
4,0,3,0,34,194,195,0,189,36,196,0
5,3,2,0,99,197,190,37,198,34,199,0
5,3,1,1,200,195,191,38,199,35,201,34
4,0,0,3,202,35,200,0,203,0,192,39
5,3,0,2,204,92,193,40,201,0,205,35
3,0,0,0,36,206,207,0,208,0,209,0
4,1,2,0,38,208,210,36,195,42,211,0
4,0,2,1,159,207,211,0,196,43,212,36
4,0,2,0,37,213,214,0,197,44,215,0
5,2,3,0,87,216,198,45,217,37,218,0
5,2,2,1,219,214,199,46,218,38,220,37
4,1,0,2,221,38,219,39,222,0,200,47
5,2,1,2,223,210,201,48,220,40,224,38
3,0,0,0,225,39,226,0,227,0,221,0
4,0,1,2,226,140,222,0,228,39,203,50
4,0,0,2,229,40,223,0,230,0,204,51
5,2,0,3,231,84,205,52,224,0,232,40
2,0,0,0,41,233,234,0,235,0,236,0
3,1,0,0,43,235,237,41,238,0,239,0
3,0,1,0,42,240,238,0,241,41,242,0
3,0,0,1,243,234,239,0,242,0,244,41
4,2,1,0,48,241,245,42,210,57,246,0
4,1,1,1,116,238,246,43,211,58,247,42
4,0,1,2,167,237,247,0,212,59,248,43
3,0,0,0,44,249,250,0,251,0,252,0
4,1,1,0,46,251,253,44,214,61,254,0
4,0,1,1,165,250,254,0,215,62,255,44
4,0,1,0,45,256,257,0,216,63,258,0
5,1,4,0,82,259,217,64,260,45,261,0
5,1,3,1,262,257,218,65,261,46,263,45
4,2,0,1,264,46,262,47,265,0,219,66
5,1,2,2,266,253,220,67,263,48,267,46
3,0,0,1,268,47,269,0,270,0,264,49
4,1,1,1,269,105,265,50,271,47,222,69
4,1,0,1,272,48,266,51,273,0,223,70
5,1,1,3,274,245,224,71,267,52,275,48
2,0,0,0,276,49,277,0,278,0,279,0
3,1,0,0,279,50,280,49,281,0,269,0
3,0,1,0,277,282,281,0,283,49,270,0
4,0,2,1,280,148,271,0,284,50,228,75
3,0,0,0,285,51,286,0,287,0,272,0
4,0,1,1,286,141,273,0,288,51,230,77
4,0,0,1,289,52,274,0,290,0,231,78
5,1,0,4,291,81,232,79,275,0,292,52
1,0,0,0,53,293,294,0,295,0,296,0
2,1,0,0,56,295,297,53,298,0,299,0
2,0,1,0,54,300,298,0,301,53,302,0
2,0,0,1,303,294,299,0,302,0,304,53
3,2,0,0,59,301,305,54,306,0,307,0
3,1,1,0,58,308,306,55,309,54,310,0
3,1,0,1,282,298,307,56,310,0,311,54
2,0,0,0,55,312,313,0,308,0,314,0
3,0,2,0,57,315,309,0,316,55,317,0
3,0,1,1,318,313,310,0,317,56,319,55
2,0,0,0,74,56,318,0,243,0,282,0
3,0,0,2,320,297,311,0,319,0,321,56
4,3,0,0,71,316,322,57,245,0,323,0
4,2,0,1,97,309,323,58,246,0,324,57
4,1,0,2,124,306,324,59,247,0,325,58
4,0,0,3,183,305,325,0,248,0,326,59
2,0,0,0,60,327,328,0,329,0,330,0
3,1,0,0,62,329,331,60,332,0,333,0
3,0,1,0,61,334,332,0,335,60,336,0
3,0,0,1,337,328,333,0,336,0,338,60
4,2,0,0,67,335,339,61,253,0,340,0
4,1,0,1,122,332,340,62,254,0,341,61
4,0,0,2,181,331,341,0,255,0,342,62
3,0,0,0,63,343,344,0,345,0,346,0
4,1,0,0,65,345,347,63,257,0,348,0
4,0,0,1,177,344,348,0,258,0,349,63
4,0,0,0,64,350,351,0,259,0,352,0
5,0,5,0,80,353,260,0,354,64,355,0
5,0,4,1,356,351,261,0,355,65,357,64
4,3,0,0,358,65,356,66,359,0,262,0
5,0,3,2,360,347,263,0,357,67,361,65
3,0,0,2,362,66,363,0,364,0,358,68
4,2,1,0,363,90,359,69,365,66,265,0
4,2,0,0,366,67,360,70,367,0,266,0
5,0,2,3,368,339,267,0,361,71,369,67
2,0,0,0,370,68,371,0,372,0,373,0
3,1,0,1,373,69,374,68,375,0,363,73
3,0,1,1,371,318,375,0,376,68,364,74
4,1,2,0,374,109,365,75,377,69,271,0
3,0,0,1,378,70,379,0,380,0,366,76
4,1,1,0,379,106,367,77,381,70,273,0
4,1,0,0,382,71,368,78,383,0,274,0
5,0,1,4,384,322,275,0,369,79,385,71
1,0,0,0,386,72,387,0,388,0,389,0
2,1,0,0,389,74,390,72,391,0,392,0
2,0,1,0,387,393,391,0,394,72,395,0
2,0,0,1,396,73,392,0,395,0,397,72
3,2,0,0,397,75,398,73,399,0,374,0
3,1,1,0,392,243,399,74,400,73,375,0
3,0,2,0,390,337,400,0,401,74,376,0
4,0,3,0,398,152,377,0,402,75,284,0
2,0,0,0,403,76,404,0,405,0,406,0
3,1,0,0,406,77,407,76,408,0,379,0
3,0,1,0,404,320,408,0,409,76,380,0
4,0,2,0,407,149,381,0,410,77,288,0
3,0,0,0,411,78,412,0,413,0,382,0
4,0,1,0,412,142,383,0,414,78,290,0
4,0,0,0,415,79,384,0,416,0,291,0
5,0,0,5,417,80,292,0,385,0,418,79
6,6,0,0,418,354,419,80,420,0,421,0
6,5,1,0,292,422,420,81,423,80,424,0
6,5,0,1,425,260,421,82,424,0,426,80
5,0,4,0,81,427,428,0,422,83,429,0
6,4,2,0,232,430,423,84,431,81,432,0
6,4,1,1,433,428,424,85,432,82,434,81
5,0,0,4,435,82,433,0,436,0,425,86
6,4,0,2,437,217,426,87,434,0,438,82
4,0,0,0,83,439,440,0,441,0,442,0
5,1,3,0,85,441,443,83,428,89,444,0
5,0,3,1,359,440,444,0,429,90,445,83
5,0,3,0,84,446,447,0,430,91,448,0
6,3,3,0,205,449,431,92,450,84,451,0
6,3,2,1,452,447,432,93,451,85,453,84
5,1,0,3,454,85,452,86,455,0,433,94
6,3,1,2,456,443,434,95,453,87,457,85
4,0,0,0,458,86,459,0,460,0,454,0
5,0,1,3,459,323,455,0,461,86,436,97
5,0,0,3,462,87,456,0,463,0,437,98
6,3,0,3,464,198,438,99,457,0,465,87
3,0,0,0,88,466,467,0,468,0,469,0
4,1,0,0,90,468,470,88,471,0,472,0
4,0,1,0,89,473,471,0,474,88,475,0
4,0,0,1,476,467,472,0,475,0,477,88
5,2,2,0,95,474,478,89,443,104,479,0
5,1,2,1,265,471,479,90,444,105,480,89
5,0,2,2,367,470,480,0,445,106,481,90
4,0,0,0,91,482,483,0,484,0,485,0
5,1,2,0,93,484,486,91,447,108,487,0
5,0,2,1,365,483,487,0,448,109,488,91
5,0,2,0,92,489,490,0,449,110,491,0
6,2,4,0,193,492,450,111,493,92,494,0
6,2,3,1,495,490,451,112,494,93,496,92
5,2,0,2,497,93,495,94,498,0,452,113
6,2,2,2,499,486,453,114,496,95,500,93
4,0,0,1,501,94,502,0,503,0,497,96
5,1,1,2,502,246,498,97,504,94,455,116
5,1,0,2,505,95,499,98,506,0,456,117
6,2,1,3,507,478,457,118,500,99,508,95
3,0,0,0,509,96,510,0,511,0,512,0
4,1,0,0,512,97,513,96,514,0,502,0
4,0,1,0,510,515,514,0,516,96,503,0
5,0,2,2,513,340,504,0,517,97,461,122
4,0,0,0,518,98,519,0,520,0,505,0
5,0,1,2,519,324,506,0,521,98,463,124
5,0,0,2,522,99,507,0,523,0,464,125
6,2,0,4,524,190,465,126,508,0,525,99
2,0,0,0,100,526,527,0,528,0,529,0
3,1,0,0,103,528,530,100,531,0,532,0
3,0,1,0,101,533,531,0,534,100,535,0
3,0,0,1,536,527,532,0,535,0,537,100
4,2,0,0,106,534,538,101,539,0,540,0
4,1,1,0,105,541,539,102,542,101,543,0
4,1,0,1,544,531,540,103,543,0,545,101
3,0,0,0,102,546,547,0,541,0,548,0
4,0,2,0,104,549,542,0,550,102,551,0
4,0,1,1,552,547,543,0,551,103,553,102
3,0,1,0,175,103,552,0,476,137,544,0
4,0,0,2,554,530,545,0,553,0,555,103
5,3,1,0,118,550,556,104,478,139,557,0
5,2,1,1,222,542,557,105,479,140,558,104
5,1,1,2,273,539,558,106,480,141,559,105
5,0,1,3,383,538,559,0,481,142,560,106
3,0,0,0,107,561,562,0,563,0,564,0
4,1,0,0,109,563,565,107,566,0,567,0
4,0,1,0,108,568,566,0,569,107,570,0
4,0,0,1,571,562,567,0,570,0,572,107
5,2,1,0,114,569,573,108,486,147,574,0
5,1,1,1,271,566,574,109,487,148,575,108
5,0,1,2,381,565,575,0,488,149,576,109
4,0,0,0,110,577,578,0,579,0,580,0
5,1,1,0,112,579,581,110,490,151,582,0
5,0,1,1,377,578,582,0,491,152,583,110
5,0,1,0,111,584,585,0,492,153,586,0
6,1,5,0,188,587,493,154,588,111,589,0
6,1,4,1,590,585,494,155,589,112,591,111
5,3,0,1,592,112,590,113,593,0,495,156
6,1,3,2,594,581,496,157,591,114,595,112
4,0,0,2,596,113,597,0,598,0,592,115
5,2,1,1,597,211,593,116,599,113,498,159
5,2,0,1,600,114,594,117,601,0,499,160
6,1,2,3,602,573,500,161,595,118,603,114
3,0,0,0,604,115,605,0,606,0,607,0
4,1,0,1,607,116,608,115,609,0,597,120
4,0,1,1,605,610,609,0,611,115,598,121
5,1,2,1,608,254,599,122,612,116,504,165
4,0,0,1,613,117,614,0,615,0,600,123
5,1,1,1,614,247,601,124,616,117,506,167
5,1,0,1,617,118,602,125,618,0,507,168
6,1,1,4,619,556,508,169,603,126,620,118
2,0,0,0,621,119,622,0,623,0,624,0
3,1,0,0,624,121,625,119,626,0,627,0
3,0,1,0,622,628,626,0,629,119,630,0
3,0,0,1,631,120,627,0,630,0,632,119
4,2,0,0,632,122,633,120,634,0,608,0
4,1,1,0,627,544,634,121,635,120,609,0
3,0,0,1,121,133,610,0,544,0,515,137
4,0,2,0,625,636,635,0,637,121,611,0
5,0,3,1,633,348,612,0,638,122,517,177
3,0,0,0,639,123,640,0,641,0,642,0
4,1,0,0,642,124,643,123,644,0,614,0
4,0,1,0,640,645,644,0,646,123,615,0
5,0,2,1,643,341,616,0,647,124,521,181
4,0,0,0,648,125,649,0,650,0,617,0
5,0,1,1,649,325,618,0,651,125,523,183
5,0,0,1,652,126,619,0,653,0,524,184
6,1,0,5,654,187,525,185,620,0,655,126
1,0,0,0,127,656,657,0,658,0,659,0
2,1,0,0,130,658,660,127,661,0,662,0
2,0,1,0,128,663,661,0,664,127,665,0
2,0,0,1,666,657,662,0,665,0,667,127
3,2,0,0,138,664,668,128,669,0,670,0
3,1,1,0,133,671,669,129,672,128,673,0
3,1,0,1,674,661,670,130,673,0,675,128
2,0,0,0,129,676,677,0,671,0,678,0
3,0,2,0,131,679,672,0,680,129,681,0
3,0,1,1,682,677,673,0,681,130,683,129
2,0,0,0,393,130,682,0,684,0,674,0
3,0,0,2,685,660,675,0,683,0,686,130
4,3,0,0,142,680,687,131,688,0,689,0
4,2,1,0,141,690,688,132,691,131,692,0
4,2,0,1,515,672,689,133,692,0,693,131
3,0,1,0,132,694,695,0,690,134,696,0
4,1,2,0,140,697,691,135,698,132,699,0
4,1,1,1,610,695,692,136,699,133,700,132
4,1,0,2,645,669,693,138,700,0,701,133
2,0,0,0,134,702,703,0,704,0,705,0
3,1,0,0,136,704,706,134,695,0,707,0
3,0,0,1,684,703,707,0,696,0,708,134
3,0,0,0,135,709,710,0,697,0,711,0
4,0,3,0,139,712,698,0,713,135,714,0
4,0,2,1,715,710,699,0,714,136,716,135
3,1,0,0,164,136,715,137,552,0,610,0
4,0,1,2,717,706,700,0,716,138,718,136
3,0,0,0,180,138,717,0,554,0,645,0
4,0,0,3,719,668,701,0,718,0,720,138
5,4,0,0,169,713,721,139,556,0,722,0
5,3,0,1,203,698,722,140,557,0,723,139
5,2,0,2,230,691,723,141,558,0,724,140
5,1,0,3,290,688,724,142,559,0,725,141
5,0,0,4,416,687,725,0,560,0,726,142
2,0,0,0,143,727,728,0,729,0,730,0
3,1,0,0,146,729,731,143,732,0,733,0
3,0,1,0,144,734,732,0,735,143,736,0
3,0,0,1,737,728,733,0,736,0,738,143
4,2,0,0,149,735,739,144,740,0,741,0
4,1,1,0,148,742,740,145,743,144,744,0
4,1,0,1,636,732,741,146,744,0,745,144
3,0,0,0,145,746,747,0,742,0,748,0
4,0,2,0,147,749,743,0,750,145,751,0
4,0,1,1,752,747,744,0,751,146,753,145
3,0,0,0,176,146,752,0,571,0,636,0
4,0,0,2,754,731,745,0,753,0,755,146
5,3,0,0,161,750,756,147,573,0,757,0
5,2,0,1,228,743,757,148,574,0,758,147
5,1,0,2,288,740,758,149,575,0,759,148
5,0,0,3,414,739,759,0,576,0,760,149
3,0,0,0,150,761,762,0,763,0,764,0
4,1,0,0,152,763,765,150,766,0,767,0
4,0,1,0,151,768,766,0,769,150,770,0
4,0,0,1,771,762,767,0,770,0,772,150
5,2,0,0,157,769,773,151,581,0,774,0
5,1,0,1,284,766,774,152,582,0,775,151
5,0,0,2,410,765,775,0,583,0,776,152
4,0,0,0,153,777,778,0,779,0,780,0
5,1,0,0,155,779,781,153,585,0,782,0
5,0,0,1,402,778,782,0,586,0,783,153
5,0,0,0,154,784,785,0,587,0,786,0
6,0,6,0,186,787,588,0,788,154,789,0
6,0,5,1,790,785,589,0,789,155,791,154
5,4,0,0,792,155,790,156,793,0,590,0
6,0,4,2,794,781,591,0,791,157,795,155
4,0,0,3,796,156,797,0,798,0,792,158
5,3,1,0,797,196,793,159,799,156,593,0
5,3,0,0,800,157,794,160,801,0,594,0
6,0,3,3,802,773,595,0,795,161,803,157
3,0,0,0,804,158,805,0,806,0,807,0
4,1,0,2,807,159,808,158,809,0,797,163
4,0,1,2,805,715,809,0,810,158,798,164
5,2,2,0,808,215,799,165,811,159,599,0
4,0,0,2,812,160,813,0,814,0,800,166
5,2,1,0,813,212,801,167,815,160,601,0
5,2,0,0,816,161,802,168,817,0,602,0
6,0,2,4,818,756,603,0,803,169,819,161
2,0,0,0,820,162,821,0,822,0,823,0
3,1,0,0,823,164,824,162,825,0,826,0
3,0,1,0,821,827,825,0,828,162,829,0
3,0,0,1,830,163,826,0,829,0,831,162
4,2,0,1,831,165,832,163,833,0,808,174
4,1,1,1,826,552,833,164,834,163,809,175
4,0,2,1,824,752,834,0,835,164,810,176
5,1,3,0,832,258,811,177,836,165,612,0
3,0,0,0,837,166,838,0,839,0,840,0
4,1,0,1,840,167,841,166,842,0,813,179
4,0,1,1,838,717,842,0,843,166,814,180
5,1,2,0,841,255,815,181,844,167,616,0
4,0,0,1,845,168,846,0,847,0,816,182
5,1,1,0,846,248,817,183,848,168,618,0
5,1,0,0,849,169,818,184,850,0,619,0
6,0,1,5,851,721,620,0,819,185,852,169
1,0,0,0,853,170,854,0,855,0,856,0
2,1,0,0,856,172,857,170,858,0,859,0
2,0,1,0,854,860,858,0,861,170,862,0
2,0,0,1,863,171,859,0,862,0,864,170
3,2,0,0,864,176,865,171,866,0,867,0
3,1,1,0,859,868,866,172,869,171,870,0
3,1,0,1,871,175,867,173,870,0,872,171
2,0,0,0,172,303,873,0,868,0,827,0
3,0,2,0,857,874,869,0,875,172,876,0
3,0,1,1,877,873,870,0,876,173,878,172
2,0,0,0,879,173,877,0,880,0,871,0
3,0,0,2,881,174,872,0,878,0,882,173
4,3,0,0,882,177,883,174,884,0,832,0
4,2,1,0,872,476,884,175,885,174,833,0
4,1,2,0,867,571,885,176,886,175,834,0
4,0,3,0,865,771,886,0,887,176,835,0
5,0,4,0,883,352,836,0,888,177,638,0
2,0,0,0,889,178,890,0,891,0,892,0
3,1,0,0,892,180,893,178,894,0,895,0
3,0,1,0,890,896,894,0,897,178,898,0
3,0,0,1,899,179,895,0,898,0,900,178
4,2,0,0,900,181,901,179,902,0,841,0
4,1,1,0,895,554,902,180,903,179,842,0
4,0,2,0,893,754,903,0,904,180,843,0
5,0,3,0,901,349,844,0,905,181,647,0
3,0,0,0,906,182,907,0,908,0,909,0
4,1,0,0,909,183,910,182,911,0,846,0
4,0,1,0,907,719,911,0,912,182,847,0
5,0,2,0,910,342,848,0,913,183,651,0
4,0,0,0,914,184,915,0,916,0,849,0
5,0,1,0,915,326,850,0,917,184,653,0
5,0,0,0,918,185,851,0,919,0,654,0
6,0,0,6,920,186,655,0,852,0,921,185
7,7,0,0,921,788,922,186,923,0,924,0
7,6,1,0,655,925,923,187,926,186,927,0
7,6,0,1,928,588,924,188,927,0,929,186
6,0,5,0,187,930,931,0,925,189,932,0
7,5,2,0,525,933,926,190,934,187,935,0
7,5,1,1,936,931,927,191,935,188,937,187
6,0,0,5,938,188,936,0,939,0,928,192
7,5,0,2,940,493,929,193,937,0,941,188
5,0,0,0,189,942,943,0,944,0,945,0
6,1,4,0,191,944,946,189,931,195,947,0
6,0,4,1,793,943,947,0,932,196,948,189
6,0,4,0,190,949,950,0,933,197,951,0
7,4,3,0,465,952,934,198,953,190,954,0
7,4,2,1,955,950,935,199,954,191,956,190
6,1,0,4,957,191,955,192,958,0,936,200
7,4,1,2,959,946,937,201,956,193,960,191
5,0,0,0,961,192,962,0,963,0,957,0
6,0,1,4,962,722,958,0,964,192,939,203
6,0,0,4,965,193,959,0,966,0,940,204
7,4,0,3,967,450,941,205,960,0,968,193
4,0,0,0,194,969,970,0,971,0,972,0
5,1,0,0,196,971,973,194,974,0,975,0
5,0,1,0,195,976,974,0,977,194,978,0
5,0,0,1,979,970,975,0,978,0,980,194
6,2,3,0,201,977,981,195,946,210,982,0
6,1,3,1,593,974,982,196,947,211,983,195
6,0,3,2,801,973,983,0,948,212,984,196
5,0,0,0,197,985,986,0,987,0,988,0
6,1,3,0,199,987,989,197,950,214,990,0
6,0,3,1,799,986,990,0,951,215,991,197
6,0,3,0,198,992,993,0,952,216,994,0
7,3,4,0,438,995,953,217,996,198,997,0
7,3,3,1,998,993,954,218,997,199,999,198
6,2,0,3,1000,199,998,200,1001,0,955,219
7,3,2,2,1002,989,956,220,999,201,1003,199
5,0,0,1,1004,200,1005,0,1006,0,1000,202
6,1,1,3,1005,557,1001,203,1007,200,958,222
6,1,0,3,1008,201,1002,204,1009,0,959,223
7,3,1,3,1010,981,960,224,1003,205,1011,201
4,0,0,0,1012,202,1013,0,1014,0,1015,0
5,1,0,0,1015,203,1016,202,1017,0,1005,0
5,0,1,0,1013,1018,1017,0,1019,202,1006,0
6,0,2,3,1016,757,1007,0,1020,203,964,228
5,0,0,0,1021,204,1022,0,1023,0,1008,0
6,0,1,3,1022,723,1009,0,1024,204,966,230
6,0,0,3,1025,205,1010,0,1026,0,967,231
7,3,0,4,1027,431,968,232,1011,0,1028,205
3,0,0,0,206,1029,1030,0,1031,0,1032,0
4,1,0,0,209,1031,1033,206,1034,0,1035,0
4,0,1,0,207,1036,1034,0,1037,206,1038,0
4,0,0,1,1039,1030,1035,0,1038,0,1040,206
5,2,0,0,212,1037,1041,207,1042,0,1043,0
5,1,1,0,211,1044,1042,208,1045,207,1046,0
5,1,0,1,1047,1034,1043,209,1046,0,1048,207
4,0,0,0,208,1049,1050,0,1044,0,1051,0
5,0,2,0,210,1052,1045,0,1053,208,1054,0
5,0,1,1,1055,1050,1046,0,1054,209,1056,208
4,0,2,0,399,209,1055,0,979,243,1047,0
5,0,0,2,1057,1033,1048,0,1056,0,1058,209
6,3,2,0,224,1053,1059,210,981,245,1060,0
6,2,2,1,498,1045,1060,211,982,246,1061,210
6,1,2,2,601,1042,1061,212,983,247,1062,211
6,0,2,3,817,1041,1062,0,984,248,1063,212
4,0,0,0,213,1064,1065,0,1066,0,1067,0
5,1,0,0,215,1066,1068,213,1069,0,1070,0
5,0,1,0,214,1071,1069,0,1072,213,1073,0
5,0,0,1,1074,1065,1070,0,1073,0,1075,213
6,2,2,0,220,1072,1076,214,989,253,1077,0
6,1,2,1,599,1069,1077,215,990,254,1078,214
6,0,2,2,815,1068,1078,0,991,255,1079,215
5,0,0,0,216,1080,1081,0,1082,0,1083,0
6,1,2,0,218,1082,1084,216,993,257,1085,0
6,0,2,1,811,1081,1085,0,994,258,1086,216
6,0,2,0,217,1087,1088,0,995,259,1089,0
7,2,5,0,426,1090,996,260,1091,217,1092,0
7,2,4,1,1093,1088,997,261,1092,218,1094,217
6,3,0,2,1095,218,1093,219,1096,0,998,262
7,2,3,2,1097,1084,999,263,1094,220,1098,218
5,0,0,2,1099,219,1100,0,1101,0,1095,221
6,2,1,2,1100,479,1096,222,1102,219,1001,265
6,2,0,2,1103,220,1097,223,1104,0,1002,266
7,2,2,3,1105,1076,1003,267,1098,224,1106,220
4,0,0,0,1107,221,1108,0,1109,0,1110,0
5,1,0,1,1110,222,1111,221,1112,0,1100,226
5,0,1,1,1108,1113,1112,0,1114,221,1101,227
6,1,2,2,1111,574,1102,228,1115,222,1007,271
5,0,0,1,1116,223,1117,0,1118,0,1103,229
6,1,1,2,1117,558,1104,230,1119,223,1009,273
6,1,0,2,1120,224,1105,231,1121,0,1010,274
7,2,1,4,1122,1059,1011,275,1106,232,1123,224
3,0,0,0,1124,225,1125,0,1126,0,1127,0
4,1,0,0,1127,227,1128,225,1129,0,1130,0
4,0,1,0,1125,1131,1129,0,1132,225,1133,0
4,0,0,1,1134,226,1130,0,1133,0,1135,225
5,2,0,0,1135,228,1136,226,1137,0,1111,0
5,1,1,0,1130,1138,1137,227,1139,226,1112,0
4,0,0,2,227,307,1113,0,1138,0,1018,282
5,0,2,0,1128,1140,1139,0,1141,227,1114,0
6,0,3,2,1136,774,1115,0,1142,228,1020,284
4,0,0,0,1143,229,1144,0,1145,0,1146,0
5,1,0,0,1146,230,1147,229,1148,0,1117,0
5,0,1,0,1144,1149,1148,0,1150,229,1118,0
6,0,2,2,1147,758,1119,0,1151,230,1024,288
5,0,0,0,1152,231,1153,0,1154,0,1120,0
6,0,1,2,1153,724,1121,0,1155,231,1026,290
6,0,0,2,1156,232,1122,0,1157,0,1027,291
7,2,0,5,1158,423,1028,292,1123,0,1159,232
2,0,0,0,233,1160,1161,0,1162,0,1163,0
3,1,0,0,236,1162,1164,233,1165,0,1166,0
3,0,1,0,234,1167,1165,0,1168,233,1169,0
3,0,0,1,1170,1161,1166,0,1169,0,1171,233
4,2,0,0,244,1168,1172,234,1173,0,1174,0
4,1,1,0,239,1175,1173,235,1176,234,1177,0
4,1,0,1,1178,1165,1174,236,1177,0,1179,234
3,0,0,0,235,1180,1181,0,1175,0,1182,0
4,0,2,0,237,1183,1176,0,1184,235,1185,0
4,0,1,1,1186,1181,1177,0,1185,236,1187,235
3,0,0,0,868,236,1186,0,1188,0,1178,0
4,0,0,2,1189,1164,1179,0,1187,0,1190,236
5,3,0,0,248,1184,1191,237,1192,0,1193,0
5,2,1,0,247,1194,1192,238,1195,237,1196,0
5,2,0,1,1138,1176,1193,239,1196,0,1197,237
4,0,1,0,238,1198,1199,0,1194,240,1200,0
5,1,2,0,246,1201,1195,241,1202,238,1203,0
5,1,1,1,1204,1199,1196,242,1203,239,1205,238
4,0,1,1,281,239,1204,0,1047,282,1138,243
5,1,0,2,1206,1173,1197,244,1205,0,1207,239
3,0,0,0,240,1208,1209,0,1210,0,1211,0
4,1,0,0,242,1210,1212,240,1199,0,1213,0
4,0,0,1,1188,1209,1213,0,1200,0,1214,240
4,0,0,0,241,1215,1216,0,1201,0,1217,0
5,0,3,0,245,1218,1202,0,1219,241,1220,0
5,0,2,1,1221,1216,1203,0,1220,242,1222,241
4,1,1,0,375,242,1221,243,1055,318,1204,0
5,0,1,2,1223,1212,1205,0,1222,244,1224,242
4,0,1,0,408,244,1223,0,1057,320,1206,0
5,0,0,3,1225,1172,1207,0,1224,0,1226,244
6,4,1,0,275,1219,1227,245,1059,322,1228,0
6,3,1,1,455,1202,1228,246,1060,323,1229,245
6,2,1,2,506,1195,1229,247,1061,324,1230,246
6,1,1,3,618,1192,1230,248,1062,325,1231,247
6,0,1,4,850,1191,1231,0,1063,326,1232,248
3,0,0,0,249,1233,1234,0,1235,0,1236,0
4,1,0,0,252,1235,1237,249,1238,0,1239,0
4,0,1,0,250,1240,1238,0,1241,249,1242,0
4,0,0,1,1243,1234,1239,0,1242,0,1244,249
5,2,0,0,255,1241,1245,250,1246,0,1247,0
5,1,1,0,254,1248,1246,251,1249,250,1250,0
5,1,0,1,1251,1238,1247,252,1250,0,1252,250
4,0,0,0,251,1253,1254,0,1248,0,1255,0
5,0,2,0,253,1256,1249,0,1257,251,1258,0
5,0,1,1,1259,1254,1250,0,1258,252,1260,251
4,0,1,0,400,252,1259,0,1074,337,1251,0
5,0,0,2,1261,1237,1252,0,1260,0,1262,252
6,3,1,0,267,1257,1263,253,1076,339,1264,0
6,2,1,1,504,1249,1264,254,1077,340,1265,253
6,1,1,2,616,1246,1265,255,1078,341,1266,254
6,0,1,3,848,1245,1266,0,1079,342,1267,255
4,0,0,0,256,1268,1269,0,1270,0,1271,0
5,1,0,0,258,1270,1272,256,1273,0,1274,0
5,0,1,0,257,1275,1273,0,1276,256,1277,0
5,0,0,1,1278,1269,1274,0,1277,0,1279,256
6,2,1,0,263,1276,1280,257,1084,347,1281,0
6,1,1,1,612,1273,1281,258,1085,348,1282,257
6,0,1,2,844,1272,1282,0,1086,349,1283,258
5,0,0,0,259,1284,1285,0,1286,0,1287,0
6,1,1,0,261,1286,1288,259,1088,351,1289,0
6,0,1,1,836,1285,1289,0,1089,352,1290,259
6,0,1,0,260,1291,1292,0,1090,353,1293,0
7,1,6,0,421,1294,1091,354,1295,260,1296,0
7,1,5,1,1297,1292,1092,355,1296,261,1298,260
6,4,0,1,1299,261,1297,262,1300,0,1093,356
7,1,4,2,1301,1288,1094,357,1298,263,1302,261
5,0,0,3,1303,262,1304,0,1305,0,1299,264
6,3,1,1,1304,444,1300,265,1306,262,1096,359
6,3,0,1,1307,263,1301,266,1308,0,1097,360
7,1,3,3,1309,1280,1098,361,1302,267,1310,263
4,0,0,0,1311,264,1312,0,1313,0,1314,0
5,1,0,2,1314,265,1315,264,1316,0,1304,269
5,0,1,2,1312,1317,1316,0,1318,264,1305,270
6,2,2,1,1315,487,1306,271,1319,265,1102,365
5,0,0,2,1320,266,1321,0,1322,0,1307,272
6,2,1,1,1321,480,1308,273,1323,266,1104,367
6,2,0,1,1324,267,1309,274,1325,0,1105,368
7,1,2,4,1326,1263,1106,369,1310,275,1327,267
3,0,0,0,1328,268,1329,0,1330,0,1331,0
4,1,0,0,1331,270,1332,268,1333,0,1334,0
4,0,1,0,1329,1335,1333,0,1336,268,1337,0
4,0,0,1,1338,269,1334,0,1337,0,1339,268
5,2,0,1,1339,271,1340,269,1341,0,1315,280
5,1,1,1,1334,1204,1341,270,1342,269,1316,281
4,1,0,1,270,310,1317,282,1204,0,1113,318
5,0,2,1,1332,1343,1342,0,1344,270,1318,283
6,1,3,1,1340,582,1319,284,1345,271,1115,377
4,0,0,0,1346,272,1347,0,1348,0,1349,0
5,1,0,1,1349,273,1350,272,1351,0,1321,286
5,0,1,1,1347,1352,1351,0,1353,272,1322,287
6,1,2,1,1350,575,1323,288,1354,273,1119,381
5,0,0,1,1355,274,1356,0,1357,0,1324,289
6,1,1,1,1356,559,1325,290,1358,274,1121,383
6,1,0,1,1359,275,1326,291,1360,0,1122,384
7,1,1,5,1361,1227,1123,385,1327,292,1362,275
2,0,0,0,1363,276,1364,0,1365,0,1366,0
3,1,0,0,1366,278,1367,276,1368,0,1369,0
3,0,1,0,1364,1370,1368,0,1371,276,1372,0
3,0,0,1,1373,277,1369,0,1372,0,1374,276
4,2,0,0,1374,283,1375,277,1376,0,1377,0
4,1,1,0,1369,1378,1376,278,1379,277,1380,0
4,1,0,1,1381,281,1377,279,1380,0,1382,277
3,0,0,0,278,674,1383,0,1378,0,1335,0
4,0,2,0,1367,1384,1379,0,1385,278,1386,0
4,0,1,1,1387,1383,1380,0,1386,279,1388,278
3,0,0,0,1389,279,1387,0,1390,0,1381,0
4,0,0,2,1391,280,1382,0,1388,0,1392,279
5,3,0,0,1392,284,1393,280,1394,0,1340,0
5,2,1,0,1382,1047,1394,281,1395,280,1341,0
5,1,2,0,1377,1251,1395,283,1396,281,1342,0
4,0,0,1,283,333,1343,0,1251,0,1140,337
5,0,3,0,1375,1397,1396,0,1398,283,1344,0
6,0,4,1,1393,782,1345,0,1399,284,1142,402
3,0,0,0,1400,285,1401,0,1402,0,1403,0
4,1,0,0,1403,287,1404,285,1405,0,1406,0
4,0,1,0,1401,1407,1405,0,1408,285,1409,0
4,0,0,1,1410,286,1406,0,1409,0,1411,285
5,2,0,0,1411,288,1412,286,1413,0,1350,0
5,1,1,0,1406,1206,1413,287,1414,286,1351,0
4,0,0,1,287,311,1352,0,1206,0,1149,320
5,0,2,0,1404,1415,1414,0,1416,287,1353,0
6,0,3,1,1412,775,1354,0,1417,288,1151,410
4,0,0,0,1418,289,1419,0,1420,0,1421,0
5,1,0,0,1421,290,1422,289,1423,0,1356,0
5,0,1,0,1419,1424,1423,0,1425,289,1357,0
6,0,2,1,1422,759,1358,0,1426,290,1155,414
5,0,0,0,1427,291,1428,0,1429,0,1359,0
6,0,1,1,1428,725,1360,0,1430,291,1157,416
6,0,0,1,1431,292,1361,0,1432,0,1158,417
7,1,0,6,1433,420,1159,418,1362,0,1434,292
1,0,0,0,293,1435,1436,0,1437,0,1438,0
2,1,0,0,296,1437,1439,293,1440,0,1441,0
2,0,1,0,294,1442,1440,0,1443,293,1444,0
2,0,0,1,1445,1436,1441,0,1444,0,1446,293
3,2,0,0,304,1443,1447,294,1448,0,1449,0
3,1,1,0,299,1450,1448,295,1451,294,1452,0
3,1,0,1,1453,1440,1449,296,1452,0,1454,294
2,0,0,0,295,1455,1456,0,1450,0,1457,0
3,0,2,0,297,1458,1451,0,1459,295,1460,0
3,0,1,1,1461,1456,1452,0,1460,296,1462,295
2,0,0,0,1463,296,1461,0,1464,0,1453,0
3,0,0,2,1465,1439,1454,0,1462,0,1466,296
4,3,0,0,321,1459,1467,297,1468,0,1469,0
4,2,1,0,311,1470,1468,298,1471,297,1472,0
4,2,0,1,1473,1451,1469,299,1472,0,1474,297
3,0,1,0,298,1475,1476,0,1470,300,1477,0
4,1,2,0,307,1478,1471,301,1479,298,1480,0
4,1,1,1,1481,1476,1472,302,1480,299,1482,298
3,0,0,1,628,299,1481,0,1483,0,1473,303
4,1,0,2,1484,1448,1474,304,1482,0,1485,299
2,0,0,0,300,1486,1487,0,1488,0,1489,0
3,1,0,0,302,1488,1490,300,1476,0,1491,0
3,0,0,1,1464,1487,1491,0,1477,0,1492,300
3,0,0,0,301,1493,1494,0,1478,0,1495,0
4,0,3,0,305,1496,1479,0,1497,301,1498,0
4,0,2,1,1499,1494,1480,0,1498,302,1500,301
3,1,0,0,827,302,1499,303,1501,0,1481,0
4,0,1,2,1502,1490,1482,0,1500,304,1503,302
3,0,1,0,873,314,1501,0,1504,303,1483,0
3,0,0,0,896,304,1502,0,1505,0,1484,0
4,0,0,3,1506,1447,1485,0,1503,0,1507,304
5,4,0,0,326,1497,1508,305,1509,0,1510,0
5,3,1,0,325,1511,1509,306,1512,305,1513,0
5,3,0,1,1018,1479,1510,307,1513,0,1514,305
4,0,2,0,306,1515,1516,0,1511,308,1517,0
5,2,2,0,324,1518,1512,309,1519,306,1520,0
5,2,1,1,1113,1516,1513,310,1520,307,1521,306
5,2,0,2,1149,1471,1514,311,1521,0,1522,307
3,0,0,0,308,1523,1524,0,1525,0,1526,0
4,1,1,0,310,1525,1527,308,1516,313,1528,0
4,0,1,1,1501,1524,1528,0,1517,314,1529,308
4,0,1,0,309,1530,1531,0,1518,315,1532,0
5,1,3,0,323,1533,1519,316,1534,309,1535,0
5,1,2,1,1317,1531,1520,317,1535,310,1536,309
5,1,1,2,1352,1527,1521,319,1536,311,1537,310
5,1,0,3,1424,1468,1522,321,1537,0,1538,311
2,0,0,0,312,1539,1540,0,1541,0,1542,0
3,1,0,0,314,1541,1543,312,1544,0,1545,0
3,0,1,0,313,1546,1544,0,1547,312,1548,0
3,0,0,1,1549,1540,1545,0,1548,0,1550,312
4,2,0,0,319,1547,1551,313,1527,0,1552,0
4,1,0,1,1483,1544,1552,314,1528,0,1553,313
4,0,0,2,1505,1543,1553,0,1529,0,1554,314
3,0,0,0,315,1555,1556,0,1557,0,1558,0
4,1,0,0,317,1557,1559,315,1531,0,1560,0
4,0,0,1,1504,1556,1560,0,1532,0,1561,315
4,0,0,0,316,1562,1563,0,1533,0,1564,0
5,0,4,0,322,1565,1534,0,1566,316,1567,0
5,0,3,1,1568,1563,1535,0,1567,317,1569,316
4,2,0,0,364,317,1568,318,1221,0,1317,0
5,0,2,2,1570,1559,1536,0,1569,319,1571,317
4,1,0,0,380,319,1570,320,1223,0,1352,0
5,0,1,3,1572,1551,1537,0,1571,321,1573,319
4,0,0,0,413,321,1572,0,1225,0,1424,0
5,0,0,4,1574,1467,1538,0,1573,0,1575,321
6,5,0,0,385,1566,1576,322,1227,0,1577,0
6,4,0,1,436,1534,1577,323,1228,0,1578,322
6,3,0,2,463,1519,1578,324,1229,0,1579,323
6,2,0,3,523,1512,1579,325,1230,0,1580,324
6,1,0,4,653,1509,1580,326,1231,0,1581,325
6,0,0,5,919,1508,1581,0,1232,0,1582,326
2,0,0,0,327,1583,1584,0,1585,0,1586,0
3,1,0,0,330,1585,1587,327,1588,0,1589,0
3,0,1,0,328,1590,1588,0,1591,327,1592,0
3,0,0,1,1593,1584,1589,0,1592,0,1594,327
4,2,0,0,338,1591,1595,328,1596,0,1597,0
4,1,1,0,333,1598,1596,329,1599,328,1600,0
4,1,0,1,1601,1588,1597,330,1600,0,1602,328
3,0,0,0,329,1603,1604,0,1598,0,1605,0
4,0,2,0,331,1606,1599,0,1607,329,1608,0
4,0,1,1,1609,1604,1600,0,1608,330,1610,329
3,0,0,0,874,330,1609,0,1611,0,1601,0
4,0,0,2,1612,1587,1602,0,1610,0,1613,330
5,3,0,0,342,1607,1614,331,1615,0,1616,0
5,2,1,0,341,1617,1615,332,1618,331,1619,0
5,2,0,1,1140,1599,1616,333,1619,0,1620,331
4,0,1,0,332,1621,1622,0,1617,334,1623,0
5,1,2,0,340,1624,1618,335,1625,332,1626,0
5,1,1,1,1343,1622,1619,336,1626,333,1627,332
5,1,0,2,1415,1596,1620,338,1627,0,1628,333
3,0,0,0,334,1629,1630,0,1631,0,1632,0
4,1,0,0,336,1631,1633,334,1622,0,1634,0
4,0,0,1,1611,1630,1634,0,1623,0,1635,334
4,0,0,0,335,1636,1637,0,1624,0,1638,0
5,0,3,0,339,1639,1625,0,1640,335,1641,0
5,0,2,1,1642,1637,1626,0,1641,336,1643,335
4,1,0,0,376,336,1642,337,1259,0,1343,0
5,0,1,2,1644,1633,1627,0,1643,338,1645,336
4,0,0,0,409,338,1644,0,1261,0,1415,0
5,0,0,3,1646,1595,1628,0,1645,0,1647,338
6,4,0,0,369,1640,1648,339,1263,0,1649,0
6,3,0,1,461,1625,1649,340,1264,0,1650,339
6,2,0,2,521,1618,1650,341,1265,0,1651,340
6,1,0,3,651,1615,1651,342,1266,0,1652,341
6,0,0,4,917,1614,1652,0,1267,0,1653,342
3,0,0,0,343,1654,1655,0,1656,0,1657,0
4,1,0,0,346,1656,1658,343,1659,0,1660,0
4,0,1,0,344,1661,1659,0,1662,343,1663,0
4,0,0,1,1664,1655,1660,0,1663,0,1665,343
5,2,0,0,349,1662,1666,344,1667,0,1668,0
5,1,1,0,348,1669,1667,345,1670,344,1671,0
5,1,0,1,1397,1659,1668,346,1671,0,1672,344
4,0,0,0,345,1673,1674,0,1669,0,1675,0
5,0,2,0,347,1676,1670,0,1677,345,1678,0
5,0,1,1,1679,1674,1671,0,1678,346,1680,345
4,0,0,0,401,346,1679,0,1278,0,1397,0
5,0,0,2,1681,1658,1672,0,1680,0,1682,346
6,3,0,0,361,1677,1683,347,1280,0,1684,0
6,2,0,1,517,1670,1684,348,1281,0,1685,347
6,1,0,2,647,1667,1685,349,1282,0,1686,348
6,0,0,3,913,1666,1686,0,1283,0,1687,349
4,0,0,0,350,1688,1689,0,1690,0,1691,0
5,1,0,0,352,1690,1692,350,1693,0,1694,0
5,0,1,0,351,1695,1693,0,1696,350,1697,0
5,0,0,1,1698,1689,1694,0,1697,0,1699,350
6,2,0,0,357,1696,1700,351,1288,0,1701,0
6,1,0,1,638,1693,1701,352,1289,0,1702,351
6,0,0,2,905,1692,1702,0,1290,0,1703,352
5,0,0,0,353,1704,1705,0,1706,0,1707,0
6,1,0,0,355,1706,1708,353,1292,0,1709,0
6,0,0,1,888,1705,1709,0,1293,0,1710,353
6,0,0,0,354,1711,1712,0,1294,0,1713,0
7,0,7,0,419,1714,1295,0,1715,354,1716,0
7,0,6,1,1717,1712,1296,0,1716,355,1718,354
6,5,0,0,1719,355,1717,356,1720,0,1297,0
7,0,5,2,1721,1708,1298,0,1718,357,1722,355
5,0,0,4,1723,356,1724,0,1725,0,1719,358
6,4,1,0,1724,429,1720,359,1726,356,1300,0
6,4,0,0,1727,357,1721,360,1728,0,1301,0
7,0,4,3,1729,1700,1302,0,1722,361,1730,357
4,0,0,0,1731,358,1732,0,1733,0,1734,0
5,1,0,3,1734,359,1735,358,1736,0,1724,363
5,0,1,3,1732,1568,1736,0,1737,358,1725,364
6,3,2,0,1735,448,1726,365,1738,359,1306,0
5,0,0,3,1739,360,1740,0,1741,0,1727,366
6,3,1,0,1740,445,1728,367,1742,360,1308,0
6,3,0,0,1743,361,1729,368,1744,0,1309,0
7,0,3,4,1745,1683,1310,0,1730,369,1746,361
3,0,0,0,1747,362,1748,0,1749,0,1750,0
4,1,0,0,1750,364,1751,362,1752,0,1753,0
4,0,1,0,1748,1754,1752,0,1755,362,1756,0
4,0,0,1,1757,363,1753,0,1756,0,1758,362
5,2,0,2,1758,365,1759,363,1760,0,1735,374
5,1,1,2,1753,1221,1760,364,1761,363,1736,375
5,0,2,2,1751,1642,1761,0,1762,364,1737,376
6,2,3,0,1759,491,1738,377,1763,365,1319,0
4,0,0,0,1764,366,1765,0,1766,0,1767,0
5,1,0,2,1767,367,1768,366,1769,0,1740,379
5,0,1,2,1765,1570,1769,0,1770,366,1741,380
6,2,2,0,1768,488,1742,381,1771,367,1323,0
5,0,0,2,1772,368,1773,0,1774,0,1743,382
6,2,1,0,1773,481,1744,383,1775,368,1325,0
6,2,0,0,1776,369,1745,384,1777,0,1326,0
7,0,2,5,1778,1648,1327,0,1746,385,1779,369
2,0,0,0,1780,370,1781,0,1782,0,1783,0
3,1,0,0,1783,372,1784,370,1785,0,1786,0
3,0,1,0,1781,1787,1785,0,1788,370,1789,0
3,0,0,1,1790,371,1786,0,1789,0,1791,370
4,2,0,0,1791,376,1792,371,1793,0,1794,0
4,1,1,0,1786,1795,1793,372,1796,371,1797,0
4,1,0,1,1798,375,1794,373,1797,0,1799,371
3,0,0,1,372,682,1800,0,1795,0,1754,393
4,0,2,0,1784,1801,1796,0,1802,372,1803,0
4,0,1,1,1804,1800,1797,0,1803,373,1805,372
3,0,0,0,1806,373,1804,0,1807,0,1798,0
4,0,0,2,1808,374,1799,0,1805,0,1809,373
5,3,0,1,1809,377,1810,374,1811,0,1759,398
5,2,1,1,1799,1055,1811,375,1812,374,1760,399
5,1,2,1,1794,1259,1812,376,1813,375,1761,400
5,0,3,1,1792,1679,1813,0,1814,376,1762,401
6,1,4,0,1810,586,1763,402,1815,377,1345,0
3,0,0,0,1816,378,1817,0,1818,0,1819,0
4,1,0,0,1819,380,1820,378,1821,0,1822,0
4,0,1,0,1817,1823,1821,0,1824,378,1825,0
4,0,0,1,1826,379,1822,0,1825,0,1827,378
5,2,0,1,1827,381,1828,379,1829,0,1768,407
5,1,1,1,1822,1223,1829,380,1830,379,1769,408
5,0,2,1,1820,1644,1830,0,1831,380,1770,409
6,1,3,0,1828,583,1771,410,1832,381,1354,0
4,0,0,0,1833,382,1834,0,1835,0,1836,0
5,1,0,1,1836,383,1837,382,1838,0,1773,412
5,0,1,1,1834,1572,1838,0,1839,382,1774,413
6,1,2,0,1837,576,1775,414,1840,383,1358,0
5,0,0,1,1841,384,1842,0,1843,0,1776,415
6,1,1,0,1842,560,1777,416,1844,384,1360,0
6,1,0,0,1845,385,1778,417,1846,0,1361,0
7,0,1,6,1847,1576,1362,0,1779,418,1848,385
1,0,0,0,1849,386,1850,0,1851,0,1852,0
2,1,0,0,1852,388,1853,386,1854,0,1855,0
2,0,1,0,1850,1856,1854,0,1857,386,1858,0
2,0,0,1,1859,387,1855,0,1858,0,1860,386
3,2,0,0,1860,394,1861,387,1862,0,1863,0
3,1,1,0,1855,1864,1862,388,1865,387,1866,0
3,1,0,1,1867,391,1863,389,1866,0,1868,387
2,0,0,0,388,1463,1869,0,1864,0,1870,0
3,0,2,0,1853,1871,1865,0,1872,388,1873,0
3,0,1,1,1874,1869,1866,0,1873,389,1875,388
2,0,0,0,1876,389,1874,0,1877,0,1867,0
3,0,0,2,1878,390,1868,0,1875,0,1879,389
4,3,0,0,1879,401,1880,390,1881,0,1882,0
4,2,1,0,1868,1883,1881,391,1884,390,1885,0
4,2,0,1,1886,400,1882,392,1885,0,1887,390
3,0,1,0,391,536,1888,0,1883,393,1795,0
4,1,2,0,1863,1889,1884,394,1890,391,1891,0
4,1,1,1,1892,1888,1885,395,1891,392,1893,391
3,0,0,1,1894,392,1892,0,1895,0,1886,396
4,1,0,2,1896,399,1887,397,1893,0,1897,392
3,1,0,0,395,684,1898,393,1888,0,1800,0
3,0,0,0,394,737,1899,0,1889,0,1801,0
4,0,3,0,1861,1900,1890,0,1901,394,1902,0
4,0,2,1,1903,1899,1891,0,1902,395,1904,394
3,1,0,0,1905,395,1903,396,1906,0,1892,0
4,0,1,2,1907,1898,1893,0,1904,397,1908,395
2,0,0,0,1909,396,1910,0,1911,0,1905,0
3,0,1,0,1910,1870,1906,0,1912,396,1895,0
3,0,0,0,1913,397,1907,0,1914,0,1896,0
4,0,0,3,1915,398,1897,0,1908,0,1916,397
5,4,0,0,1916,402,1917,398,1918,0,1810,0
5,3,1,0,1897,979,1918,399,1919,398,1811,0
5,2,2,0,1887,1074,1919,400,1920,399,1812,0
5,1,3,0,1882,1278,1920,401,1921,400,1813,0
5,0,4,0,1880,1698,1921,0,1922,401,1814,0
6,0,5,0,1917,786,1815,0,1923,402,1399,0
2,0,0,0,1924,403,1925,0,1926,0,1927,0
3,1,0,0,1927,405,1928,403,1929,0,1930,0
3,0,1,0,1925,1931,1929,0,1932,403,1933,0
3,0,0,1,1934,404,1930,0,1933,0,1935,403
4,2,0,0,1935,409,1936,404,1937,0,1938,0
4,1,1,0,1930,1939,1937,405,1940,404,1941,0
4,1,0,1,1942,408,1938,406,1941,0,1943,404
3,0,0,0,405,685,1944,0,1939,0,1823,0
4,0,2,0,1928,1945,1940,0,1946,405,1947,0
4,0,1,1,1948,1944,1941,0,1947,406,1949,405
3,0,0,0,1950,406,1948,0,1951,0,1942,0
4,0,0,2,1952,407,1943,0,1949,0,1953,406
5,3,0,0,1953,410,1954,407,1955,0,1828,0
5,2,1,0,1943,1057,1955,408,1956,407,1829,0
5,1,2,0,1938,1261,1956,409,1957,408,1830,0
5,0,3,0,1936,1681,1957,0,1958,409,1831,0
6,0,4,0,1954,783,1832,0,1959,410,1417,0
3,0,0,0,1960,411,1961,0,1962,0,1963,0
4,1,0,0,1963,413,1964,411,1965,0,1966,0
4,0,1,0,1961,1967,1965,0,1968,411,1969,0
4,0,0,1,1970,412,1966,0,1969,0,1971,411
5,2,0,0,1971,414,1972,412,1973,0,1837,0
5,1,1,0,1966,1225,1973,413,1974,412,1838,0
5,0,2,0,1964,1646,1974,0,1975,413,1839,0
6,0,3,0,1972,776,1840,0,1976,414,1426,0
4,0,0,0,1977,415,1978,0,1979,0,1980,0
5,1,0,0,1980,416,1981,415,1982,0,1842,0
5,0,1,0,1978,1574,1982,0,1983,415,1843,0
6,0,2,0,1981,760,1844,0,1984,416,1430,0
5,0,0,0,1985,417,1986,0,1987,0,1845,0
6,0,1,0,1986,726,1846,0,1988,417,1432,0
6,0,0,0,1989,418,1847,0,1990,0,1433,0
7,0,0,7,1991,419,1434,0,1848,0,1992,418
8,8,0,0,1992,1715,1993,419,1994,0,1995,0
8,7,1,0,1434,1996,1994,420,1997,419,1998,0
8,7,0,1,1999,1295,1995,421,1998,0,2000,419
7,0,6,0,420,2001,2002,0,1996,422,2003,0
8,6,2,0,1159,2004,1997,423,2005,420,2006,0
8,6,1,1,2007,2002,1998,424,2006,421,2008,420
7,0,0,6,2009,421,2007,0,2010,0,1999,425
8,6,0,2,2011,1091,2000,426,2008,0,2012,421
6,0,0,0,422,2013,2014,0,2015,0,2016,0
7,1,5,0,424,2015,2017,422,2002,428,2018,0
7,0,5,1,1720,2014,2018,0,2003,429,2019,422
7,0,5,0,423,2020,2021,0,2004,430,2022,0
8,5,3,0,1028,2023,2005,431,2024,423,2025,0
8,5,2,1,2026,2021,2006,432,2025,424,2027,423
7,1,0,5,2028,424,2026,425,2029,0,2007,433
8,5,1,2,2030,2017,2008,434,2027,426,2031,424
6,0,0,0,2032,425,2033,0,2034,0,2028,0
7,0,1,5,2033,1577,2029,0,2035,425,2010,436
7,0,0,5,2036,426,2030,0,2037,0,2011,437
8,5,0,3,2038,996,2012,438,2031,0,2039,426
5,0,0,0,427,2040,2041,0,2042,0,2043,0
6,1,0,0,429,2042,2044,427,2045,0,2046,0
6,0,1,0,428,2047,2045,0,2048,427,2049,0
6,0,0,1,2050,2041,2046,0,2049,0,2051,427
7,2,4,0,434,2048,2052,428,2017,443,2053,0
7,1,4,1,1300,2045,2053,429,2018,444,2054,428
7,0,4,2,1728,2044,2054,0,2019,445,2055,429
6,0,0,0,430,2056,2057,0,2058,0,2059,0
7,1,4,0,432,2058,2060,430,2021,447,2061,0
7,0,4,1,1726,2057,2061,0,2022,448,2062,430
7,0,4,0,431,2063,2064,0,2023,449,2065,0
8,4,4,0,968,2066,2024,450,2067,431,2068,0
8,4,3,1,2069,2064,2025,451,2068,432,2070,431
7,2,0,4,2071,432,2069,433,2072,0,2026,452
8,4,2,2,2073,2060,2027,453,2070,434,2074,432
6,0,0,1,2075,433,2076,0,2077,0,2071,435
7,1,1,4,2076,1228,2072,436,2078,433,2029,455
7,1,0,4,2079,434,2073,437,2080,0,2030,456
8,4,1,3,2081,2052,2031,457,2074,438,2082,434
5,0,0,0,2083,435,2084,0,2085,0,2086,0
6,1,0,0,2086,436,2087,435,2088,0,2076,0
6,0,1,0,2084,2089,2088,0,2090,435,2077,0
7,0,2,4,2087,1649,2078,0,2091,436,2035,461
6,0,0,0,2092,437,2093,0,2094,0,2079,0
7,0,1,4,2093,1578,2080,0,2095,437,2037,463
7,0,0,4,2096,438,2081,0,2097,0,2038,464
8,4,0,4,2098,953,2039,465,2082,0,2099,438
4,0,0,0,439,2100,2101,0,2102,0,2103,0
5,1,0,0,442,2102,2104,439,2105,0,2106,0
5,0,1,0,440,2107,2105,0,2108,439,2109,0
5,0,0,1,2110,2101,2106,0,2109,0,2111,439
6,2,0,0,445,2108,2112,440,2113,0,2114,0
6,1,1,0,444,2115,2113,441,2116,440,2117,0
6,1,0,1,2118,2105,2114,442,2117,0,2119,440
5,0,0,0,441,2120,2121,0,2115,0,2122,0
6,0,2,0,443,2123,2116,0,2124,441,2125,0
6,0,1,1,2126,2121,2117,0,2125,442,2127,441
5,0,3,0,884,442,2126,0,2050,476,2118,0
6,0,0,2,2128,2104,2119,0,2127,0,2129,442
7,3,3,0,457,2124,2130,443,2052,478,2131,0
7,2,3,1,1096,2116,2131,444,2053,479,2132,443
7,1,3,2,1308,2113,2132,445,2054,480,2133,444
7,0,3,3,1744,2112,2133,0,2055,481,2134,445
5,0,0,0,446,2135,2136,0,2137,0,2138,0
6,1,0,0,448,2137,2139,446,2140,0,2141,0
6,0,1,0,447,2142,2140,0,2143,446,2144,0
6,0,0,1,2145,2136,2141,0,2144,0,2146,446
7,2,3,0,453,2143,2147,447,2060,486,2148,0
7,1,3,1,1306,2140,2148,448,2061,487,2149,447
7,0,3,2,1742,2139,2149,0,2062,488,2150,448
6,0,0,0,449,2151,2152,0,2153,0,2154,0
7,1,3,0,451,2153,2155,449,2064,490,2156,0
7,0,3,1,1738,2152,2156,0,2065,491,2157,449
7,0,3,0,450,2158,2159,0,2066,492,2160,0
8,3,5,0,941,2161,2067,493,2162,450,2163,0
8,3,4,1,2164,2159,2068,494,2163,451,2165,450
7,3,0,3,2166,451,2164,452,2167,0,2069,495
8,3,3,2,2168,2155,2070,496,2165,453,2169,451
6,0,0,2,2170,452,2171,0,2172,0,2166,454
